vesselCount = 14
UT = 190454351.79650411
gameMode = CAREER
gameNull = False
gameCompatible = True
funds = 7483978.9872309277
science = 2
reputationPercent = 59
ongoingContracts = 4
missionCurrentScore = 0
missionIsStarted = False
missionIsEnded = False
missionHistoryId = 00000000-0000-0000-0000-000000000000
missionExpansionVersion = 
saveMD5 = 57868bd1b934fa899b9b6acbebe3b614
