saveMD5 = 99794d2cd4c8ed7604a502787e140f7a
vesselCount = 5
UT = 11338169.453673812
gameMode = CAREER
gameNull = False
gameCompatible = True
funds = 1887254.0516370835
science = 307
reputationPercent = -10
ongoingContracts = 4
saveMD5 = 99794d2cd4c8ed7604a502787e140f7a
