saveMD5 = 6299c4d57c3ed28b97a683c36fa9ac2b
vesselCount = 13
UT = 288391281.63132489
gameMode = CAREER
gameNull = False
gameCompatible = True
funds = 535547.04974210309
science = 49
reputationPercent = 20
ongoingContracts = 4
saveMD5 = 6299c4d57c3ed28b97a683c36fa9ac2b
