saveMD5 = 1518d6918a19b58126e2be908757c9b4
vesselCount = 14
UT = 55811687.827043749
gameMode = CAREER
gameNull = False
gameCompatible = True
funds = 553150.62253601803
science = 1429
reputationPercent = 9
ongoingContracts = 5
saveMD5 = 1518d6918a19b58126e2be908757c9b4
