saveMD5 = 5406138cc6ad50b52215b0f67db668a1
vesselCount = 16
UT = 95695724.137789667
gameMode = CAREER
gameNull = False
gameCompatible = True
funds = 190790.65378601803
science = 1192
reputationPercent = 11
ongoingContracts = 6
saveMD5 = 5406138cc6ad50b52215b0f67db668a1
