saveMD5 = 397a0628d726d5727a74c3bf0554d161
vesselCount = 16
UT = 95695724.137789667
gameMode = CAREER
gameNull = False
gameCompatible = True
funds = 190790.65378601803
science = 1192
reputationPercent = 11
ongoingContracts = 6
saveMD5 = 397a0628d726d5727a74c3bf0554d161
