saveMD5 = 67470268620d4d5d9c6a8073dad62bf7
vesselCount = 14
UT = 55811687.827043749
gameMode = CAREER
gameNull = False
gameCompatible = True
funds = 553150.62253601803
science = 1429
reputationPercent = 9
ongoingContracts = 5
saveMD5 = 67470268620d4d5d9c6a8073dad62bf7
