saveMD5 = 0f31b5a743472a2316b4206cc7672a24
vesselCount = 16
UT = 122187544.21050665
gameMode = CAREER
gameNull = False
gameCompatible = True
funds = 222088.85234029545
science = 1196
reputationPercent = 11
ongoingContracts = 5
saveMD5 = 0f31b5a743472a2316b4206cc7672a24
