saveMD5 = 7b29bb678d8e23c75082a538cedf8b09
vesselCount = 7
UT = 332298.24133359804
gameMode = CAREER
gameNull = False
gameCompatible = True
funds = 431503.9237137523
science = 64
reputationPercent = 61
ongoingContracts = 6
saveMD5 = 7b29bb678d8e23c75082a538cedf8b09
