saveMD5 = 1d684cbcb0946e77dd57d5bbd00d16c6
vesselCount = 7
UT = 332298.24133359804
gameMode = CAREER
gameNull = False
gameCompatible = True
funds = 431503.9237137523
science = 64
reputationPercent = 61
ongoingContracts = 6
saveMD5 = 1d684cbcb0946e77dd57d5bbd00d16c6
