saveMD5 = 4ccc71fb1578d97a2b632f4b8c2a0b92
vesselCount = 14
UT = 34610191.119071469
gameMode = CAREER
gameNull = False
gameCompatible = True
funds = 971249.19343015237
science = 598
reputationPercent = 4
ongoingContracts = 5
saveMD5 = 4ccc71fb1578d97a2b632f4b8c2a0b92
