vesselCount = 14
UT = 115462513.55366187
gameMode = CAREER
gameNull = False
gameCompatible = True
funds = 824347.87465020979
science = 380
reputationPercent = 0
ongoingContracts = 7
saveMD5 = 3e534ab10fa78acc72f93eeab16addbf
