vesselCount = 14
UT = 288391758.5578528
gameMode = CAREER
gameNull = False
gameCompatible = True
funds = 532496.79192960309
science = 49
reputationPercent = 20
ongoingContracts = 5
missionCurrentScore = 0
missionIsStarted = False
missionIsEnded = False
missionHistoryId = 00000000-0000-0000-0000-000000000000
missionExpansionVersion = 
saveMD5 = 48ed3fc24d467ba5648e88d7322d4607
