saveMD5 = 473bed13d77c47bc4f803cb89ce73363
vesselCount = 14
UT = 34446476.763928682
gameMode = CAREER
gameNull = False
gameCompatible = True
funds = 778561.19343015237
science = 100
reputationPercent = 4
ongoingContracts = 3
saveMD5 = 473bed13d77c47bc4f803cb89ce73363
