saveMD5 = 666a3985baecdb1742cbfc4db000dca7
vesselCount = 14
UT = 288357690.30557352
gameMode = CAREER
gameNull = False
gameCompatible = True
funds = 687704.53394062771
science = 507
reputationPercent = 19
ongoingContracts = 3
saveMD5 = 666a3985baecdb1742cbfc4db000dca7
