saveMD5 = 0a59ec132242a5268a97dc1859484df0
vesselCount = 16
UT = 97441579.095242873
gameMode = CAREER
gameNull = False
gameCompatible = True
funds = 190790.65378601803
science = 1192
reputationPercent = 11
ongoingContracts = 6
saveMD5 = 0a59ec132242a5268a97dc1859484df0
