saveMD5 = 6b996a03fc48b9667c95c98afd8e9a55
vesselCount = 4
UT = 1083226.7319155892
gameMode = CAREER
gameNull = False
gameCompatible = True
funds = 851242.00296856626
science = 17
reputationPercent = -21
ongoingContracts = 2
saveMD5 = 6b996a03fc48b9667c95c98afd8e9a55
