vesselCount = 4
UT = 11537254.213432711
gameMode = CAREER
gameNull = False
gameCompatible = True
funds = 502124.99093764939
science = 354
reputationPercent = 74
ongoingContracts = 6
saveMD5 = 5c8a239bf25331db88c9e34677666c4b
