vesselCount = 7
UT = 70219521.481916189
gameMode = CAREER
gameNull = False
gameCompatible = True
funds = 1062245.8997348303
science = 67
reputationPercent = 70
ongoingContracts = 11
saveMD5 = bb82aa191fa0c1def44aaec23304daaa
