vesselCount = 6
UT = 12033249.209900437
gameMode = CAREER
gameNull = False
gameCompatible = True
funds = 786057.63849639811
science = 50
reputationPercent = 75
ongoingContracts = 8
saveMD5 = 00fd1ee0d93af61bd6640d29c31e8431
