vesselCount = 8
UT = 55296735.517555505
gameMode = CAREER
gameNull = False
gameCompatible = True
funds = 1160195.8996037
science = 67
reputationPercent = 76
ongoingContracts = 14
saveMD5 = 370ee67954b7c82ee78ededddae1db26
