vesselCount = 6
UT = 33078480.863231175
gameMode = CAREER
gameNull = False
gameCompatible = True
funds = 1074697.638496398
science = 62
reputationPercent = 76
ongoingContracts = 8
saveMD5 = 7b48387a6379022ee99ca2ceaec78a36
