vesselCount = 7
UT = 70204810.095803916
gameMode = CAREER
gameNull = False
gameCompatible = True
funds = 1062245.8997348303
science = 67
reputationPercent = 70
ongoingContracts = 11
saveMD5 = 3f6650d03aceddf7c261283b9862ef6d
