vesselCount = 6
UT = 31814399.526740313
gameMode = CAREER
gameNull = False
gameCompatible = True
funds = 925097.63849639811
science = 56
reputationPercent = 75
ongoingContracts = 8
saveMD5 = 9a35398ac9680c9c1f9103fe12e91d8c
