vesselCount = 6
UT = 31831774.108859487
gameMode = CAREER
gameNull = False
gameCompatible = True
funds = 967337.63849639811
science = 58
reputationPercent = 75
ongoingContracts = 8
saveMD5 = b08c40de54eba106b87b6a761bbb0fb7
