vesselCount = 6
UT = 31814539.946737174
gameMode = CAREER
gameNull = False
gameCompatible = True
funds = 967337.63849639811
science = 58
reputationPercent = 75
ongoingContracts = 8
saveMD5 = 8b69c3c25392774b75945ee66ab8bcf9
