vesselCount = 6
UT = 31814250.122407638
gameMode = CAREER
gameNull = False
gameCompatible = True
funds = 872297.63849639811
science = 54
reputationPercent = 75
ongoingContracts = 8
saveMD5 = 8132030cb2a6e435a161fbf4a39d1297
