vesselCount = 6
UT = 31814333.666741785
gameMode = CAREER
gameNull = False
gameCompatible = True
funds = 872297.63849639811
science = 54
reputationPercent = 75
ongoingContracts = 8
saveMD5 = 3bd0a4235315155ce5f71334e3eceb63
