vesselCount = 6
UT = 31795183.645983461
gameMode = CAREER
gameNull = False
gameCompatible = True
funds = 786057.63849639811
science = 50
reputationPercent = 75
ongoingContracts = 8
saveMD5 = f61e41734e7465d6f8de0169615d6445
