vesselCount = 6
UT = 31831714.268860824
gameMode = CAREER
gameNull = False
gameCompatible = True
funds = 967337.63849639811
science = 58
reputationPercent = 75
ongoingContracts = 8
saveMD5 = 8ac689b8aaa5065f2c42175b7ebb0f41
