vesselCount = 6
UT = 53428047.733367704
gameMode = CAREER
gameNull = False
gameCompatible = True
funds = 1066665.1388611784
science = 62
reputationPercent = 75
ongoingContracts = 7
saveMD5 = 3c630a25147fe5f900cf8e8e5af029e1
