vesselCount = 6
UT = 53622005.082300454
gameMode = CAREER
gameNull = False
gameCompatible = True
funds = 1066665.1388611784
science = 62
reputationPercent = 75
ongoingContracts = 7
saveMD5 = 3f9b22830a62423a6f2742863c50a32d
