vesselCount = 8
UT = 54080096.743104704
gameMode = CAREER
gameNull = False
gameCompatible = True
funds = 1147044.4796660831
science = 67
reputationPercent = 76
ongoingContracts = 11
saveMD5 = 0d42827107c92e6507ecc96256560cb8
