vesselCount = 7
UT = 53860047.740567639
gameMode = CAREER
gameNull = False
gameCompatible = True
funds = 1122804.4796660831
science = 67
reputationPercent = 76
ongoingContracts = 11
saveMD5 = 19dcc108601f577a1f898637245b9699
