vesselCount = 8
UT = 54078748.955817908
gameMode = CAREER
gameNull = False
gameCompatible = True
funds = 1147044.4796660831
science = 67
reputationPercent = 76
ongoingContracts = 11
saveMD5 = cb285379e2003a2f323a9462546ba2e5
