vesselCount = 6
UT = 91161006.728342608
gameMode = CAREER
gameNull = False
gameCompatible = True
funds = 1282853.2277632584
science = 14
reputationPercent = 71
ongoingContracts = 10
saveMD5 = 47f3fda0456e8f0fd93f52797147940b
