vesselCount = 3
UT = 11573875.080599079
gameMode = CAREER
gameNull = False
gameCompatible = True
funds = 741490.37593501725
science = 4
reputationPercent = 74
ongoingContracts = 9
saveMD5 = da9022cb9683b50f11442f31824685f8
