vesselCount = 7
UT = 91138930.961524829
gameMode = CAREER
gameNull = False
gameCompatible = True
funds = 1275924.1820736756
science = 307
reputationPercent = 71
ongoingContracts = 10
saveMD5 = e6e8ba7f0600f3976b65bc7c281fcecc
