vesselCount = 4
UT = 1965658.7496763279
gameMode = CAREER
gameNull = False
gameCompatible = True
funds = 239628.59355157369
science = 141
reputationPercent = 73
ongoingContracts = 14
saveMD5 = a94c73a32e599a8bd51785512ed955d8
