vesselCount = 0
UT = 314789.70024721959
gameMode = CAREER
gameNull = False
gameCompatible = True
funds = 795118.87513809372
science = 181
reputationPercent = 41
ongoingContracts = 1
saveMD5 = 0576a54ab517e71e38896ec79da52bab
