vesselCount = 5
UT = 1838186.8969175222
gameMode = CAREER
gameNull = False
gameCompatible = True
funds = 126550.90341115394
science = 218
reputationPercent = 72
ongoingContracts = 11
saveMD5 = 68d6f55d09d43ea973a4f50d75e8d287
