vesselCount = 5
UT = 11486169.122323532
gameMode = CAREER
gameNull = False
gameCompatible = True
funds = 323583.20420444198
science = 354
reputationPercent = 74
ongoingContracts = 9
saveMD5 = e4adafc1a3e8760e0eb45d90e03374c4
