vesselCount = 0
UT = 327034.17975595163
gameMode = CAREER
gameNull = False
gameCompatible = True
funds = 1063900.8882544122
science = 95
reputationPercent = 45
ongoingContracts = 6
saveMD5 = 52252a286b961596f7b5faa2644da309
