vesselCount = 5
UT = 11809174.221545584
gameMode = CAREER
gameNull = False
gameCompatible = True
funds = 294937.63068389811
science = 4
reputationPercent = 74
ongoingContracts = 10
saveMD5 = b126e1519b8962fc49bd14a7f8f06960
